2902
9438
5104
7496
3705
47
1680
5893
2163
87
6049
1199
3191
8687
9168
7840
1353
1431
3685
185
1763
9600
9856
4569
8297
9685
5218
2769
432
5527
1866
8498
4237
8095
4776
5769
5652
8797
3256
9816
3719
63
8196
8642
8473
3428
6822
4487
3595
4905
1567
5594
6546
5916
9293
6381
2251
8518
2474
7376
1634
9671
6283
6654
8992
2640
2775
2850
8316
1598
8279
7028
562
5750
7281
490
9422
7733
3501
5159
7241
2970
9856
1403
6729
2876
510
9081
5200
9789
5227
2097
5529
6789
6031
2065
8592
2235
8698
162
5567
4594
8853
3613
7843
3445
2623
3911
5451
8004
6312
9681
2785
3354
2685
5350
1022
9170
6903
2778
1008
1978
5238
7688
4496
617
1125
9780
5878
828
7789
2587
4325
2542
1803
3761
9618
1718
4034
9889
3799
1109
7229
689
6619
3706
9535
9693
1141
2179
8118
8416
3198
1063
7120
6717
4212
5446
4300
2754
7084
5894
7323
5285
5319
6287
6432
6617
8126
4535
7856
5637
5075
8393
5194
892
8070
2246
2724
626
7721
4055
6907
3155
8173
3843
813
5417
1498
331
2350
4921
8303
2012
5674
8301
5131
1517
518
2432
1422
4184
180
4622
2511
9392
1147
9068
5701
287
9060
652
9937
2620
3655
9897
7344
8814
6614
4490
1548
9012
5913
2622
8986
7247
4766
349
7078
6491
1343
6173
412
120
6571
8270
2371
5797
3994
96
3914
9038
8720
8909
2981
5226
8213
6622
1561
5012
9945
7987
399
93
3290
6583
8050
8352
3809
7481
4470
3001
3603
3617
8928
3607
1155
7023
595
4813
2893
7923
4734
4287
7093
7426
3708
8729
1245
3032
2034
6275
4352
2586
6920
1945
980
540
6445
7575
3680
4990
7062
60
2479
3449
2709
887
9837
664
3233
9537
6313
4421
2006
8396
6795
1590
2642
7720
646
4393
1255
3938
9434
8578
4128
3134
3673
4071
8542
6142
9568
8160
8585
9709
8289
9194
7860
1259
7967
9215
42
6247
108
2918
6434
3595
9800
1555
505
6685
3879
9154
6946
3039
1310
5831
5265
1972
6027
78
9424
8007
5515
9874
5839
473
4461
9747
9493
1120
6759
1525
6162
9979
6150
4628
2854
7613
3674
4874
6784
5973
8969
8908
2581
5210
7732
4168
6849
5194
9209
9417
4936
821
5275
7991
9894
7863
8786
1674
3767
2161
7534
9726
3594
1374
5304
513
2678
4181
9575
3074
7462
1688
4275
7323
7594
4746
2258
76
9226
5001
6916
2168
7434
8909
8937
2949
326
8453
4322
3559
2580
6436
9134
6010
457
1352
1055
8338
673
8847
2651
6891
8289
6265
4400
357
3651
5608
7223
5581
8551
4298
2283
8652
5921
5295
4115
5493
7541
6712
8081
2458
5885
6244
7926
2733
54
5565
3623
7529
1399
3773
8267
3895
7605
5410
6769
3798
9790
8241
229
3812
9871
8580
4247
2726
6503
5537
2509
4821
3169
4170
8032
6449
3640
2213
4504
8571
6872
7380
1626
2662
2314
1906
3223
234
1200
8351
1648
8958
9996
1743
2824
5616
6402
3680
627
26
7234
7221
9134
6891
8087
3
4081
5657
590
356
7416
5436
2434
4967
6072
7054
8212
7724
7364
4217
1956
4518
2590
6275
8215
2436
3368
8603
3589
813
7202
7653
3423
4419
34
8455
9357
5119
7677
4353
3935
746
9596
9235
4698
4919
8887
907
3901
8997
2551
988
9893
7155
2576
2001
4003
1380
3585
9898
7335
219
99
7517
6683
6427
1039
8125
7087
8715
6635
7490
3964
4796
9833
3000
718
8564
5569
5369
4093
719
719
7153
160
2236
1412
9263
7017
4337
4599
3737
24
6976
1665
7698
9467
4721
9669
4084
4680
7396
6571
4608
371
401
3199
7414
5378
2601
9709
6956
7134
7844
5408
3367
5186
4296
4835
1267
8325
2109
4927
3790
2674
5633
4601
4789
5427
2575
7001
883
1567
5473
1572
6679
463
5578
735
6985
6565
9164
6735
8449
6160
3728
7918
9804
7837
2438
8905
2364
1203
531
3374
3093
1173
7775
3797
9282
6109
8016
2378
7057
8895
7701
3008
864
2137
9399
7311
159
8662
5609
7539
2175
5912
8418
2782
95
1896
1373
2472
8648
5513
1097
6667
351
6894
4789
4575
5174
7077
220
6591
263
2807
7259
1630
3907
1863
9617
7007
7621
2117
124
1815
8538
7914
2424
7262
5739
1042
4787
7251
6407
1272
1465
2099
6843
7411
5280
929
3121
5775
4193
6649
1916
7349
4776
707
4997
8270
6869
9539
6846
2046
3410
4056
2873
5264
2658
6780
9461
3880
3040
5461
617
6456
5312
4973
295
7104
5100
875
4673
8194
811
7973
7950
8245
6312
410
1590
4895
9232
5617
9978
5161
5958
151
6617
8516
9503
9679
2132
22
6471
8296
2454
1924
3279
6796
3945
5283
3935
4403
1708
5954
5524
6821
9649
2617
6334
6150
4519
95
5049
8201
8140
2109
7823
1182
9940
6177
2412
3964
1053
7116
3091
3303
4342
9369
9509
1939
7685
776
7166
1845
7634
6212
4187
3325
7986
7409
7623
7652
6462
2147
1316
9570
4683
6959
8427
9004
1725
5918
5728
1184
3490
6868
6192
9081
5326
4572
2058
4917
63
8328
3534
3719
4278
2765
4880
7690
3186
8922
8442
5509
3933
3855
8036
613
7732
8570
5439
5734
9539
5581
1102
4619
8344
5826
2764
9909
3823
9670
9830
9652
6817
1161
227
6160
7213
9946
5449
8479
5808
8388
9961
4284
7410
156
4812
8647
6488
9193
209
4309
7989
983
5995
4093
9437
2653
8864
6469
3505
542
3513
9671
7139
6522
5296
9339
362
6371
3312
657
7346
8987
375
6370
857
8193
7079
2770
4874
5200
9048
1464
1867
7544
2694
8537
4702
3588
2223
7445
4808
8198
6084
6937
3861
3643
8513
8077
2335
5428
704
7504
5312
3719
16
3506
1678
339
6031
4949
1360
2571
2718
8961
8914
6849
4965
3651
3013
2857
15
2153
6082
8792
4295
9377
9136
9088
9095
4149
4305
391
6582
6512
8341
8475
5445
1613
2665
8962
9449
371
8015
8786
8469
9908
8703
397
3508
622
2564
7005
3373
2870
7637
2298
9198
3844
8524
8737
9077
5595
7564
6724
3321
664
8774
8051
970
8055
3335
8329
5327
2196
7178
4455
8478
9497
2650
8889
2605
2620
1062
9960
9071
4832
6512
3520
9373
1891
8868
6741
3490
4378
4576
7307
2307
5250
1553
358
1118
6200
1495
7331
4931
5350
9307
7338
8495
6144
1161
9499
411
4544
4294
3844
6519
9384
2285
8890
1628
7180
6464
7256
6384
2809
4997
7046
1544
4492
621
1894
4278
1238
3365
4529
9663
9604
3574
3737
3553
6426
6946
1787
3848
7201
8744
5991
7829
216
8176
8582
1341
8712
4389
6081
6184
9280
1536
8599
1337
7035
3805
9213
7778
9971
7023
4145
6311
7942
8679
7096
77
3226
7030
8193
7418
6341
2522
1325
3861
1471
4512
2289
9480
8671
9331
9
9888
6150
5857
4292
6277
9994
9426
4640
3126
5603
2540
254
7109
2080
8549
7581
4062
1298
3331
4477
7041
7735
252
5181
8855
4185
2348
2075
3957
5802
8716
1092
7061
4873
1925
4664
9637
7377
3752
364
6773
1562
6562
4912
6111
7335
7626
9488
5170
8439
7967
1761
4804
2768
2629
4964
5707
7944
1736
4748
3980
4129
4141
4937
518
1719
1319
1700
3099
5129
9784
2395
3987
1274
498
6339
2820
1638
9690
4430
3777
7913
6851
2309
6629
9966
2528
6201
5677
1596
9495
3459
356
9532
4459
646
6513
5181
946
3751
6940
2236
308
7435
525
8590
5704
348
839
6074
8555
7902
3513
6894
4332
3853
5215
5881
8100
1909
2769
2452
9223
6062
5326
9140
6689
6615
1159
5230
4976
9295
878
2853
951
8635
2386
9072
293
2272
5460
1770
366
4126
126
9088
6421
3020
9126
8109
1278
3173
6913
4875
736
3633
2527
1883
1289
5519
9454
9503
4758
6467
8420
6074
4247
5419
1357
8399
2714
1683
9822
8343
9159
9903
9827
4398
7780
6659
6812
6540
5739
2229
2471
3532
6823
1389
1467
7141
3891
2601
5324
8411
866
2974
7283
4103
2099
4389
3582
990
3241
6066
397
81
2503
6474
4958
895
4141
2713
2830
8715
4337
3945
562
1108
1253
6403
8951
4950
9516
5524
2980
5650
8851
8072
6355
4014
8473
4856
5436
8997
6998
7122
4145
2880
3859
7703
3770
5668
9518
9861
6132
728
1838
8196
2456
4611
9869
8789
4902
9570
9055
7568
3141
759
38
4186
9945
6145
8921
6365
1796
8806
1227
2120
1466
6243
710
3837
7713
7680
6883
7343
2779
536
6802
1279
572
615
3113
7455
4119
2175
8116
7109
4195
6332
8625
1101
1800
2849
4630
935
7176
1725
9185
2454
2345
3351
6711
8343
3964
2572
7457
8591
3258
1483
9640
1194
7339
326
8289
1833
1714
1710
3603
8247
3925
5744
2945
4679
3804
269
3921
6585
7526
7300
4592
5570
2387
6475
2031
941
3723
3164
7255
4776
9080
7390
1046
7838
4275
3935
9859
1927
642
2347
7303
5936
2336
3573
6810
5733
7886
9055
3324
7824
1258
9617
8863
2045
168
4324
1599
8437
4372
3558
422
9694
836
7311
9401
586
6306
7025
3911
3359
8033
695
6835
6678
5481
49
1608
3227
5592
8727
3635
4026
7018
6349
3507
9998
5251
7357
1642
9711
8240
7246
8605
4663
5366
5932
6642
3555
7402
7190
3293
1746
5847
953
1994
1101
9440
7484
8828
1292
9563
3598
3997
3298
1583
3458
4160
6412
5019
2957
7221
346
8438
3099
6440
9091
2533
4306
9308
9264
9944
9443
4327
764
7399
2047
4102
625
4807
8846
9366
3443
3881
6063
3133
8099
2000
4153
5583
3694
6492
7954
2060
4843
1598
994
8246
7920
7727
2489
547
5713
947
7737
2981
1625
3682
1162
5249
483
681
9243
4745
3769
5852
2909
8670
4252
7603
6117
5868
3741
4166
2260
4956
2988
2444
4005
3866
2996
25
5702
6654
4737
9463
8485
7429
6281
3585
2149
6613
2724
2062
5895
5956
7875
3441
9151
9465
4167
3666
1059
6598
8895
1620
8121
6049
7972
888
3900
9862
7605
6913
4616
5970
8511
6656
9684
5197
7966
6478
9501
3954
9300
4747
2503
2010
9239
5055
7278
8577
1277
8248
6340
4020
944
506
5291
5071
9923
5263
7912
8433
6814
342
638
2587
7394
6264
4332
5868
2522
6967
669
3235
6616
7897
2923
4776
3984
1369
8437
1944
4249
3232
3672
3385
5145
1260
6426
4431
2806
1480
163
6562
8029
9466
9716
3067
85
5217
2076
6542
9456
3528
8800
995
2927
4637
6696
5375
7622
3069
3318
3135
9983
238
3016
2101
1550
5543
6117
7523
6946
2222
1094
4090
6768
8357
6725
5527
9084
8766
7740
7418
6975
6034
2547
8670
9410
8294
7626
2926
5994
8044
7054
5486
8784
3125
1993
4225
2129
9535
2114
1629
8450
7084
5335
4759
9115
701
3698
2070
2485
5241
9190
3088
4859
6200
604
3609
3666
2462
545
9540
3238
6178
5370
4571
2101
2172
8926
7559
6560
598
4850
2421
3695
6849
4455
6188
7859
4948
8999
6153
5073
6913
5867
3326
1042
7030
404
1
2237
9069
2999
7624
9676
8658
504
9603
5145
4630
9917
1669
3897
2158
7034
4491
7898
4080
2436
7116
8257
3133
4358
891
5205
688
6641
4897
5440
3547
9208
9371
8595
8538
999
4209
9497
6300
4533
7583
3269
8972
7983
9767
6623
7244
1756
7607
4407
2655
3555
9210
1182
8282
6052
736
8497
7281
2085
1074
1764
1344
7717
849
7042
1828
4043
5486
4758
6252
9333
3688
5036
7960
4777
803
6861
1531
7736
9882
5624
244
9698
1356
1703
7454
438
9385
4911
4924
8660
9153
7822
1762
9915
6259
1951
1283
21
4720
7222
1089
1570
1249
5755
6221
5159
2259
9044
9017
1588
8679
3110
1584
9446
5108
9581
6791
4560
352
5342
7923
822
7637
4153
5882
9354
3559
255
2513
9289
6631
5952
7696
1475
2987
6851
7579
7090
4628
4889
2917
5437
2036
2434
2737
5451
2508
6514
3072
8851
676
4751
5827
3254
4539
8384
6274
5072
7659
1787
1167
6464
7117
7466
553
3883
5032
956
5604
9785
8730
8348
2063
1745
7532
6564
5663
9083
4504
3732
401
8093
8340
7293
8745
2890
5845
1430
9089
1841
9627
717
6720
2355
3119
8998
5825
7855
6556
9586
8591
6255
6238
9251
8301
8324
8264
4332
7991
7258
6723
7907
4715
9426
9309
5582
6278
2486
4899
2288
1216
6277
3359
1301
411
4422
2722
6012
5438
4432
650
3287
5763
2596
8419
870
4295
338
1582
8155
1166
107
2590
1925
4581
4092
4189
5974
5547
2758
4440
5709
3016
8210
4431
8631
3308
8059
95
2879
6983
1394
6428
5027
4716
3714
8313
3923
6436
9197
8110
5016
618
4711
7093
3667
6619
5607
1066
1978
8853
7386
7825
3738
6453
6303
8373
7296
7936
5146
9772
9687
5261
8065
7555
6117
9147
3847
7928
4533
6633
6806
2493
9606
4536
78
296
1568
7604
78
9994
1951
3535
6728
9499
8942
6321
7704
1943
4673
4
4124
2069
9768
4693
2075
2733
104
995
6708
3257
404
9222
268
2732
8752
7397
9065
2327
5503
7021
3095
1580
9177
8624
9037
7918
9262
1806
8255
8724
2863
5450
2896
5805
3829
3682
6391
9580
6121
3818
8337
7190
4759
5669
6764
5012
5245
4632
4418
6836
4413
1306
5886
1608
3392
5841
1172
8465
3917
9886
7453
7294
9589
3198
6853
386
2188
6335
8742
849
7578
733
972
348
6208
9270
9685
5358
1338
6381
8309
5992
5403
3073
9158
3034
8737
3708
8741
9620
8626
8791
2120
4475
2768
9836
2760
4612
7554
273
9130
5144
378
8198
8274
2812
7192
4844
3427
7388
8877
9600
7547
6311
2231
3418
4698
5149
1746
9580
2182
5957
1121
400
1100
5446
4013
7548
8795
780
3869
4631
1629
2963
7576
3991
7616
9702
8498
7154
1362
9948
2175
3159
7465
7570
3071
3548
3731
3967
7746
2356
6414
3098
4937
6689
2784
9862
2949
8499
90
5392
4493
6516
8819
2796
250
5413
7559
8760
2497
2615
8149
6849
1786
8956
9828
6759
937
6329
5264
6975
7418
1387
3481
4085
988
4160
9432
1240
7224
104
6933
7241
4490
4084
7757
6678
3357
6811
8629
9454
6386
8976
6168
8679
5188
7101
1230
7650
761
2016
4049
268
5352
450
9039
314
428
1791
5033
7571
9490
4744
4200
301
4618
906
5536
6574
6299
9115
9208
8417
6143
6946
6152
115
3961
7497
419
4117
4545
3162
4788
8809
2439
2100
152
3924
6561
3824
9013
4655
9191
6624
3206
3187
6178
3507
5854
17
8649
7150
7311
4070
3821
6357
8075
1139
3839
1639
4789
6881
4935
2404
9065
9851
2977
780
1769
3781
8353
3029
6156
644
4339
5430
1003
7808
8475
8940
7449
5978
4897
8304
6213
3514
5621
5615
8732
7254
4100
3119
8305
2977
7005
305
1435
197
8772
5177
5787
6929
5624
5373
4571
8454
7696
8603
3809
7757
3251
9556
9810
5873
9711
1904
5752
4138
6560
1201
5775
4215
2250
4866
1653
7408
7240
4050
8883
9106
965
9770
5649
2243
862
3782
59
3083
2731
8635
5289
9398
4706
3748
263
7572
6782
5447
7961
5515
619
2618
6645
8441
6284
9580
8997
9808
6510
5448
5849
7936
3640
889
6937
2861
4244
7484
6539
6714
9558
9584
9876
5263
8497
82
1493
3932
2291
8385
1562
6149
2356
9055
9289
8076
3257
6268
7987
446
3754
6727
6105
353
735
219
7760
1871
1837
830
2629
830
8806
7200
4489
9875
3370
4059
5607
8916
597
2881
2692
230
3242
9203
5774
7989
1765
7915
1995
4553
2635
7576
6677
6259
1303
3340
9298
7808
5605
3740
4950
4700
4707
4864
5579
4347
7362
9131
6927
9882
1499
2681
628
3974
5650
1651
680
7793
7375
6449
8436
9562
2990
3854
2883
1984
9250
3665
425
4696
7378
9912
5214
2068
1186
2846
2740
996
9143
8093
8287
203
4778
3701
8089
904
6012
6136
4464
2998
9372
8508
3734
7641
811
1649
8059
83
6135
544
1463
7562
1582
6996
9782
4234
7412
529
2008
6726
1285
6411
9873
541
8817
8651
573
8108
1749
1369
5562
5291
4876
7058
9660
6542
1836
956
5049
238
3047
2288
3561
9428
1691
5634
1427
4714
6964
3606
2841
6955
3631
3848
5727
8953
6302
1307
8754
5916
2075
981
8355
4983
2186
348
9938
687
6181
9769
7728
5875
6602
7479
2123
7284
5891
6951
4887
1508
4901
5710
4495
9883
5389
4305
5707
6893
56
1933
8963
3780
2129
2478
6507
1036
6
8507
410
6131
2973
5308
3761
6143
7391
5155
1673
5408
8368
234
1446
7212
623
5833
7853
4398
9141
8601
5228
2579
1143
974
614
512
8237
7333
3440
8108
4154
8238
8968
5367
3896
8833
9496
5218
3780
4369
5854
5762
8387
8407
9506
5362
3604
2666
9300
1988
8043
1453
2260
4888
8570
4086
9611
833
326
1680
5674
6906
4029
1594
1990
7836
5110
3495
3564
7089
824
6583
2781
854
8517
4890
1947
2080
1675
1064
1281
5634
436
120
5924
668
3644
572
3740
7317
6030
7465
3170
9180
1627
8607
2973
711
9430
8982
2377
2377
3338
6913
8038
5981
8310
9450
1956
108
1731
4828
2437
1805
3776
7245
4905
5883
768
3331
4125
408
2032
310
4725
1347
1351
3845
6849
45
9550
2656
6131
2790
6606
674
4741
5825
3926
1995
4606
5287
8410
5498
5462
5323
3476
6111
3164
1788
3824
9504
2919
8182
8164
2012
6625
163
6797
3069
9753
2909
607
7803
7861
6129
7440
3503
3544
2427
1167
3406
9325
679
7881
2296
9124
2927
4434
7756
2897
1905
8431
8214
6590
6384
3013
5296
7763
8664
2914
1746
9756
7852
4266
9522
9
6281
455
6766
14
6259
2954
1007
4911
2182
9677
8490
3357
5396
7969
6059
3554
9189
5739
5370
707
1269
7269
7885
4241
7280
3872
7043
4267
2705
6688
2943
7492
9089
4564
2001
1809
4597
382
3397
8630
1665
3878
6992
6660
779
3954
2153
7685
8134
5866
3017
7431
4724
890
9396
8063
2978
3999
3731
4584
7764
6330
3926
769
9221
5646
4994
8849
4275
3565
624
1841
6963
914
2137
4928
4272
9270
1612
7078
1912
5551
9702
1982
3721
9975
1754
9852
7891
5225
2553
3766
654
8613
370
194
9213
6019
7284
9667
6439
4481
9253
6805
3638
5864
8037
23
7252
2146
4613
29
9227
5293
4342
6941
4383
3319
4776
6
8560
1898
7691
638
8113
3861
8179
7197
2756
2086
1465
6222
2894
9637
8671
7267
3545
2613
4749
8856
7340
5392
4457
2138
1442
4515
593
6761
6958
582
8400
2969
4244
9287
7063
3178
3442
9383
9102
8981
7585
992
7991
8387
6546
4639
6383
5962
596
6793
5554
2929
5222
1003
7332
9764
8960
6195
4341
9708
4784
6201
3793
656
239
1057
7576
6294
8979
3526
7851
197
3701
550
3148
8963
6199
4633
3269
1598
338
1649
3302
502
8573
7318
1625
7065
7736
916
3062
8974
8042
8561
1492
7986
23
9541
8665
1787
8709
9457
6272
5393
8487
6505
7458
535
2327
4859
4615
7489
9906
2367
9607
2702
7941
5080
5620
6930
5847
3758
8307
5545
1760
9855
3708
1254
8429
9808
6696
9210
5882
7408
7427
1685
2469
6005
6696
9495
3447
9119
5792
1993
4811
8154
3487
6685
7926
5194
2536
8203
2634
8070
236
2708
5521
6013
9241
6478
3682
6843
5801
6619
7081
4511
6268
2091
2776
1720
5781
5401
3853
2631
2785
3898
760
908
9818
3815
7878
7869
1039
4274
3846
3579
1555
1340
2824
9773
7794
5954
1411
552
1015
7731
2956
1717
7207
9064
2140
6745
9065
2924
6717
8318
2808
7348
704
3704
8788
2122
4157
7405
3571
4508
4668
1622
274
8827
6185
4693
8296
4389
8720
2689
9643
1343
6588
9470
5246
8965
9661
6051
3676
3689
3520
9590
3820
7388
93
3133
6853
5179
9496
4074
5429
5634
7776
91
8498
3548
1592
172
7628
4759
1801
4975
9798
2900
7517
9523
8052
4487
5922
2054
7727
9270
9466
4349
8762
5143
4377
9284
7867
6084
3046
8398
2943
9193
3606
7810
9970
4533
1864
4658
5463
9285
1155
4166
6867
1713
183
6208
2526
1713
2081
2451
7840
7913
6908
9663
7107
4104
8896
795
7755
7857
2787
3647
7381
9109
2143
4666
8714
8280
4452
5090
9040
9838
8638
2802
3865
3352
4566
5569
6147
8768
8222
3236
5259
475
3981
9634
7099
7996
220
8417
141
3472
8537
2828
6576
9836
8328
4721
4083
2517
2795
1774
2817
8813
8094
3468
8543
7004
3766
1671
1544
4506
1104
862
3
179
6030
1902
1028
5483
3681
7213
9177
3054
2212
3087
1981
6159
9731
9920
8906
3340
922
2197
9970
2906
6861
7850
9354
613
885
2942
4209
3049
8886
6815
5399
4992
6688
6301
3244
8064
258
6602
3304
2493
7182
1069
9919
540
8301
7169
8083
945
7311
4861
5144
8379
8587
2004
506
1980
6759
3917
4626
7440
7965
8075
1401
3671
2823
4348
212
3099
901
7728
2656
3352
8312
428
5485
2221
1057
8764
7886
110
6508
8616
4173
4186
4587
811
2050
4060
5023
4057
8128
891
984
3638
1128
2192
7858
9716
2795
8984
1594
2603
5299
7241
9201
5812
523
6116
193
5887
4301
2854
8984
7996
7431
5973
966
8261
6801
7325
8245
4690
6506
1012
65
2409
292
5279
3078
8936
4721
1539
8005
6060
4961
1141
5642
5189
9002
3290
9234
9600
7073
1150
8006
2036
6002
8669
6627
7992
6928
8385
6632
1849
7524
634
2874
2508
6605
3177
2037
1982
3419
1044
9751
4874
7286
9079
4133
7266
1354
4544
7965
941
3688
9582
8050
3939
7170
9725
1468
1418
2579
8640
2757
122
3039
146
9442
1916
9777
1557
6894
9297
6728
7549
3550
2092
1939
8667
2366
4809
1360
4653
2759
7377
2307
8772
6355
508
9458
1673
9423
4957
5654
2429
1914
1163
5970
3987
684
3949
3354
7441
4872
2384
7696
8500
9319
1502
2
1692
3300
4582
7925
3077
9353
8222
6447
9427
1155
695
7966
8244
3037
1342
5780
8508
8382
3120
2671
7331
1172
6558
2424
5124
2989
8831
9417
6946
5862
2765
4483
5770
3199
5828
4346
4803
480
3286
7622
8898
1627
8935
621
6409
107
809
6093
4201
1261
2622
2356
4001
1359
1706
1892
5522
9486
5974
7002
11
7683
2056
4809
6780
5745
8882
259
7129
989
1467
2461
8158
7361
6212
6069
7023
9565
8074
3803
6255
4600
7523
2645
7649
6878
6675
4357
6140
7328
2791
8186
7480
9203
953
172
4949
3030
4351
9645
4973
6000
7132
2624
5899
5995
6003
208
6060
1346
9469
2050
8983
8810
6572
3753
9138
1943
835
1654
7848
6287
9722
8863
176
8444
7388
6312
303
3425
2926
9122
3610
6586
5015
9515
7355
3690
3661
3093
1936
7531
4852
8342
6062
5344
5070
4385
1327
9659
7149
1281
8971
8351
3111
3915
1291
1857
9316
5263
6500
9577
6787
4323
1932
2285
3549
9326
3362
4966
3795
4488
850
2249
2943
8664
7750
9885
8688
7551
9405
5783
7611
2767
3007
8870
8816
1540
2196
806
4882
6271
3340
237
3558
5481
4612
4197
5392
4212
3800
30
1188
2977
529
9862
4231
476
3607
2280
653
6368
3612
1021
8759
448
7726
9289
2164
4045
3787
5178
3035
2088
2186
9713
2006
1103
6053
8977
1867
3433
3848
3564
1282
9277
7247
4877
4319
5554
5249
4935
9648
9754
221
8725
8144
8212
4889
1660
6722
6515
6621
5661
3478
3033
4508
6327
9133
9887
4237
1452
5499
383
9523
6753
7982
9917
3421
2477
9777
7746
6602
8032
3516
789
5785
7467
754
2054
8728
1573
2151
7143
4705
4199
7143
6125
3377
8859
9987
9322
2867
9523
4960
6302
1955
7396
4979
7766
4150
4470
4082
3595
817
3311
933
9981
821
5282
3475
6052
6982
5873
7829
6728
4266
1284
9436
4479
2067
7600
4914
6457
1645
6474
1761
5619
6232
7020
1761
3061
4081
6500
2650
7676
9164
3249
34
3928
7176
5979
9498
5585
3964
122
6065
2613
429
9936
2383
9982
3625
3130
1553
6781
7264
5393
5419
8936
4099
267
8945
5868
9834
8081
6282
9262
1638
6003
2008
7815
1681
1409
3528
5510
4803
1808
5260
8853
9382
9044
7205
7811
9402
5839
1271
2441
9187
6720
4902
7597
1885
8103
2880
6950
2682
5918
5050
6867
8246
2198
2148
2345
3854
2370
8788
7502
1001
3650
115
6217
8919
6204
504
7392
144
2683
1369
1351
7989
8525
6304
7524
2439
9378
1872
8227
3449
432
5113
3525
7318
3746
1402
2228
4670
8327
4096
3787
9149
6229
7269
6306
9350
4769
9664
8594
9931
3929
5092
7039
3385
3037
9666
8846
6924
7247
1033
8727
6009
3656
9637
9657
3156
6741
9589
6828
5583
7473
1012
17
3778
6476
668
1547
3669
1714
3161
6719
8984
7257
1076
4822
1340
1577
9911
430
301
3070
1546
3376
3715
6451
3491
6469
9074
1449
4631
628
9508
6903
9019
2533
1286
9411
3942
4003
6411
4959
1648
4090
4377
6176
1921
9768
3995
8243
5613
741
5390
8000
4703
7273
7356
5229
3390
4063
7889
8185
2719
4956
3593
5213
2443
6177
2877
5602
3752
5271
2553
3293
9637
7169
5946
2935
70
9064
139
5234
9725
29
3020
4113
7874
7351
7369
5597
5129
991
9681
148
7236
5146
7985
5260
8785
6043
9437
5370
9341
7070
351
5618
8276
7188
7709
4524
7249
5720
6562
7024
4366
3011
4554
4091
2614
7417
4379
6527
3117
6036
7656
7086
7826
5715
8986
1548
6071
5732
4777
4318
9377
5098
6255
8985
7848
6551
901
2546
143
2906
7130
2551
256
2729
8893
8791
8180
3873
8680
7488
7361
232
9574
3725
7570
8755
8400
3863
7187
4073
2890
926
9185
1338
4114
6279
1294
8224
4201
2861
3077
5126
8689
3977
5036
4499
5307
1759
3359
5710
8468
795
4012
3079
3685
1401
102
4301
5787
3026
4340
7947
2309
137
3790
8080
4218
1126
5153
90
599
6203
6083
1380
4388
8455
8552
4181
6807
8634
9987
4305
8500
2885
942
9367
8138
1162
6710
1612
17
6214
5553
2968
4865
5998
8629
6153
9832
6810
638
2385
6767
2447
1797
6890
8800
1566
3667
833
8595
5766
9307
4877
9539
9613
406
3150
2952
6700
9141
6604
5964
2808
645
1048
6873
7940
7785
7189
8333
6093
6476
5949
7835
8521
3754
1333
8556
1675
1686
1288
5315
3198
5930
9255
2651
991
9920
8369
3794
3497
4220
1414
2131
1960
5040
2379
5561
4970
8727
6027
641
5212
8027
7471
4008
4817
6673
9272
2365
4859
717
5323
9203
1348
9089
9365
5800
247
520
375
8138
6549
5391
4206
3319
9627
8652
5210
6649
2863
3314
6819
5025
6628
7818
1930
9200
5021
804
9798
1561
3531
9601
1465
5118
6383
5323
2211
4804
3135
9328
8835
757
250
5304
475
7645
2364
2363
5275
6637
851
7535
282
7294
6374
1855
1339
1205
4687
4033
6046
2341
8891
7606
4631
553
4213
5769
2045
233
8245
816
8390
8803
298
6545
5907
4314
5440
4381
2525
8459
5290
8864
7412
6814
4023
1950
8814
5169
9814
1858
9862
9340
947
9893
4865
5963
7536
8888
1650
2119
9455
7406
14
7242
1742
5224
789
3036
7598
1808
2097
465
3242
3231
4997
5183
4592
7423
5217
9546
9061
6373
4121
6450
2866
6765
7128
5631
2813
5644
5635
6950
2397
8815
7002
7789
3982
4456
4627
3130
6268
7047
513
8007
5011
1469
9466
2920
7144
1121
8289
4144
7667
3427
7004
4780
7562
1497
6332
3937
1063
361
3885
393
3117
4989
9893
5993
1035
425
14
7378
2569
4113
9910
9313
9883
6308
4408
8365
7502
1878
3967
8773
7781
1765
8808
7584
3162
7117
4391
3115
1285
2607
8112
1752
2901
5814
5028
6468
8446
2390
2146
9661
1499
3433
8854
2357
5391
6475
8082
7342
5591
3913
9095
2827
5238
5145
5648
6181
7054
8999
4929
5821
6521
8145
2946
9577
5854
3108
4037
4146
8801
9729
1558
5001
4682
8369
6709
17
5594
5640
1486
8910
271
9721
3103
3857
3444
1623
8320
9006
3226
2562
5643
7960
9096
2121
577
4332
416
4762
2307
6407
1699
631
6551
7929
3243
5435
9181
3102
8000
7927
376
4634
9562
6624
4737
3245
5974
824
3326
6360
6570
7827
9588
788
1198
6736
4
9316
3781
7805
3208
767
3084
8449
9103
8539
1937
371
7592
9363
9792
4369
6124
3444
3298
367
3857
2423
7700
5326
4985
2863
2814
4114
8390
2480
6954
5385
5286
3353
1298
2348
1271
5345
2386
2279
2293
8096
2242
9907
3770
4231
5559
6597
6720
1682
4884
3975
5038
4333
3181
8959
3290
1248
3228
7176
4463
8280
8794
3061
8472
1652
2706
1613
4603
4459
6829
8456
1483
7883
3526
5082
9934
4911
7711
6426
5837
2352
9885
1540
7392
6747
7434
3428
1737
2076
9987
659
6539
8082
407
7840
7648
6563
7841
7472
5947
1119
372
9031
137
3554
6763
3849
7976
7220
4376
4830
344
7916
9625
8283
7472
650
384
9965
5169
9483
6845
6307
5864
8379
1287
3887
3787
590
3467
4603
4603
9078
9245
8259
7216
4414
8770
7666
6721
2048
3120
9743
5482
6693
6217
2081
6022
2525
6129
166
1886
5658
2103
2940
6951
5468
2463
9805
435
5053
8745
5159
6962
5837
2155
4907
4462
1770
7270
8541
9827
4202
8714
7893
8585
3475
9786
9800
6004
4441
5642
6471
332
5825
5649
4424
3364
8812
8147
9385
4320
4958
5888
9790
6143
6927
1554
1982
1195
7070
6816
2432
2627
9788
5998
1900
1826
7862
6315
8139
6930
8007
4133
6520
1182
6451
2000
509
6736
1124
3713
7508
1584
898
8261
1353
5897
8872
9170
5339
5185
8891
1960
30
3062
9438
4012
6622
7589
6004
2641
5745
5026
1937
5891
5808
7689
1843
6674
7060
4604
8318
1018